1001
1004
1004
1008
1021
1031
1031
1035
1041
1046
1048
1049
1053
1054
1058
1080
1083
1088
1089
1089
1091
1093
1093
1094
1097
1098
1099
1099
1105
1106
1112
1112
1115
1117
1121
1122
1128
1131
1141
1142
1142
1143
1144
1146
1151
1153
1157
1159
1159
1161
1163
1164
1166
1171
1175
1181
1184
1186
1188
1190
1192
1193
1195
1201
1203
1205
1206
1214
1218
1219
1224
1225
1232
1234
1235
1243
1247
1249
1251
1252
1254
1254
1265
1265
1267
1273
1276
1281
1282
1282
1289
1292
1293
1299
1299
1301
1302
1308
1311
1315
1321
1321
1324
1324
1328
1330
1333
1333
1338
1343
1345
1349
1352
1352
1356
1358
1359
1360
1360
1364
1366
1371
1373
1376
1378
1379
1387
1389
1390
1391
1395
1399
1399
1400
1400
1400
1404
1404
1405
1410
1411
1416
1424
1426
1428
1433
1436
1436
1436
1436
1438
1442
1442
1443
1445
1447
1448
1451
1452
1454
1454
1460
1460
1462
1465
1466
1474
1478
1482
1483
1486
1491
1491
1494
1497
1499
1502
1502
1502
1503
1506
1510
1511
1513
1514
1515
1516
1522
1522
1525
1526
1527
1529
1535
1536
1538
1540
1543
1543
1547
1550
1552
1560
1563
1571
1573
1573
1576
1577
1578
1579
1581
1583
1584
1589
1594
1595
1595
1598
1600
1601
1604
1607
1619
1624
1626
1627
1627
1628
1634
1637
1640
1645
1646
1647
1648
1650
1653
1656
1659
1660
1662
1666
1667
1671
1681
1687
1687
1691
1694
1696
1696
1697
1697
1698
1701
1706
1708
1711
1712
1713
1719
1719
1719
1726
1727
1729
1731
1738
1741
1744
1745
1747
1748
1749
1751
1752
1752
1753
1754
1754
1757
1760
1773
1776
1777
1778
1778
1779
1782
1787
1787
1794
1794
1795
1798
1799
1800
1801
1806
1806
1812
1819
1823
1826
1827
1840
1840
1847
1849
1849
1851
1851
1851
1851
1852
1853
1856
1856
1864
1870
1875
1875
1876
1880
1881
1881
1881
1888
1891
1894
1894
1899
1900
1901
1908
1912
1915
1918
1921
1921
1925
1928
1930
1934
1935
1938
1938
1941
1942
1945
1945
1952
1954
1954
1960
1965
1969
1971
1972
1978
1979
1980
1985
1986
1986
1994
1997
1997
2001
2012
2014
2014
2019
2020
2020
2023
2023
2029
2030
2031
2032
2039
2043
2043
2045
2047
2049
2051
2052
2054
2054
2056
2057
2058
2060
2060
2061
2063
2066
2069
2069
2071
2073
2077
2077
2077
2077
2079
2082
2082
2084
2088
2090
2092
2103
2105
2109
2113
2113
2118
2125
2126
2127
2128
2129
2131
2132
2136
2139
2142
2146
2152
2153
2154
2156
2156
2157
2158
2158
2164
2170
2175
2182
2185
2188
2193
2198
2200
2203
2207
2208
2211
2212
2213
2213
2214
2216
2219
2219
2220
2222
2223
2223
2224
2226
2231
2240
2242
2247
2251
2255
2263
2263
2267
2270
2278
2283
2287
2288
2290
2298
2307
2308
2313
2315
2315
2318
2327
2332
2338
2342
2347
2348
2349
2355
2361
2372
2374
2377
2389
2389
2389
2397
2398
2402
2405
2406
2419
2422
2422
2425
2438
2444
2445
2445
2449
2450
2466
2467
2468
2470
2471
2472
2473
2474
2477
2483
2486
2486
2491
2493
2496
2501
2502
2503
2503
2507
2508
2512
2518
2524
2532
2542
2547
2550
2550
2552
2558
2559
2559
2559
2562
2562
2562
2567
2568
2568
2578
2579
2582
2584
2589
2594
2596
2601
2603
2603
2605
2612
2612
2613
2618
2620
2623
2624
2625
2626
2627
2629
2629
2629
2636
2642
2643
2652
2652
2661
2663
2666
2670
2674
2677
2679
2679
2682
2685
2688
2692
2693
2694
2700
2701
2704
2709
2710
2713
2718
2721
2722
2726
2728
2728
2730
2732
2734
2739
2739
2739
2740
2748
2749
2749
2750
2754
2757
2759
2762
2764
2768
2771
2772
2778
2782
2792
2794
2795
2798
2800
2801
2801
2801
2802
2803
2812
2814
2815
2818
2818
2818
2820
2821
2828
2828
2830
2834
2836
2846
2852
2853
2857
2857
2862
2863
2867
2871
2872
2877
2877
2879
2881
2886
2888
2893
2893
2894
2895
2896
2903
2907
2909
2911
2912
2913
2916
2920
2922
2925
2936
2937
2939
2942
2947
2951
2956
2960
2960
2967
2968
2970
2979
2982
2985
2986
3021
3022
3025
3025
3030
3038
3040
3041
3042
3043
3045
3046
3047
3048
3054
3058
3060
3065
3074
3074
3082
3088
3093
3107
3108
3117
3118
3124
3128
3133
3134
3135
3153
3163
3165
3166
3168
3171
3180
3190
3195
3201
3201
3206
3210
3216
3218
3220
3222
3223
3226
3226
3228
3238
3238
3238
3239
3251
3262
3267
3269
3270
3276
3279
3280
3283
3289
3295
3298
3299
3302
3307
3318
3319
3319
3324
3329
3330
3335
3338
3338
3341
3350
3350
3355
3360
3362
3362
3363
3364
3369
3370
3371
3374
3379
3380
3383
3387
3389
3396
3397
3399
3410
3413
3414
3422
3435
3446
3447
3447
3453
3458
3460
3474
3477
3478
3479
3480
3481
3481
3483
3483
3486
3504
3509
3510
3512
3515
3516
3517
3532
3537
3541
3543
3546
3550
3555
3558
3561
3570
3571
3574
3576
3580
3581
3583
3595
3600
3606
3611
3620
3621
3625
3638
3639
3640
3640
3641
3641
3642
3645
3646
3646
3655
3661
3661
3663
3665
3670
3675
3675
3677
3688
3691
3699
3703
3706
3706
3714
3720
3722
3726
3727
3730
3732
3732
3736
3737
3741
3743
3744
3745
3749
3752
3753
3757
3764
3766
3767
3769
3769
3774
3774
3777
3777
3778
3779
3782
3782
3785
3786
3787
3793
3801
3802
3804
3807
3811
3819
3822
3822
3825
3830
3834
3835
3845
3848
3853
3858
3870
3870
3882
3885
3887
3888
3888
3899
3902
3904
3904
3905
3905
3911
3913
3914
3918
3919
3919
3922
3924
3927
3927
3930
3938
3944
3944
3944
3951
3952
3956
3957
3965
3965
3976
3983
3985
3985
3992
3997
3998
4004
4021
4027
4029
4032
4033
4036
4037
4048
4052
4054
4056
4057
4068
4069
4079
4082
4083
4084
4086
4089
4090
4090
4091
4092
4092
4094
4098
4106
4132
4133
4134
4136
4161
4168
4170
4174
4176
4177
4177
4190
4194
4207
4215
4221
4229
4233
4237
4244
4260
4260
4263
4268
4276
4284
4287
4293
4299
4300
4307
4309
4316
4317
4318
4323
4327
4332
4335
4339
4347
4348
4351
4354
4357
4360
4361
4364
4371
4396
4398
4408
4414
4419
4422
4422
4423
4429
4438
4441
4447
4474
4483
4487
4492
4494
4500
4504
4513
4514
4515
4516
4522
4527
4533
4534
4542
4543
4549
4557
4562
4567
4569
4574
4576
4577
4580
4596
4596
4596
4602
4612
4613
4614
4615
4618
4620
4623
4624
4632
4640
4642
4646
4648
4659
4660
4664
4673
4688
4689
4690
4695
4695
4697
4703
4706
4722
4728
4729
4737
4748
4754
4768
4769
4774
4775
4783
4793
4794
4794
4796
4808
4810
4818
4823
4827
4829
4847
4848
4862
4869
4869
4878
4891
4897
4900
4901
4903
4908
4920
4922
4924
4925
4925
4926
4931
4934
4935
4942
4943
4948
4948
4950
4954
4955
4958
4964
4969
4973
4980
4987
4993
5001
5004
5008
5009
5010
5011
5017
5032
5038
5043
5046
5052
5053
5056
5057
5074
5079
5087
5088
5089
5106
5111
5120
5124
5130
5133
5135
5135
5137
5143
5147
5177
5193
5194
5203
5207
5213
5219
5224
5236
5244
5246
5266
5279
5280
5280
5285
5289
5308
5318
5320
5331
5351
5353
5370
5385
5387
5388
5395
5401
5409
5415
5422
5427
5430
5432
5450
5457
5457
5474
5478
5504
5507
5508
5510
5512
5518
5527
5535
5535
5535
5541
5544
5546
5552
5557
5562
5563
5564
5574
5593
5600
5602
5603
5614
5617
5620
5624
5634
5640
5648
5652
5654
5658
5669
5670
5670
5679
5687
5687
5693
5702
5717
5728
5730
5734
5737
5746
5749
5765
5773
5780
5802
5821
5833
5836
5836
5839
5851
5863
5872
5875
5876
5880
5882
5887
5892
5896
5898
5904
5907
5909
5913
5919
5923
5930
5933
5935
5935
5939
5973
5997
5997
5998
6001
6001
6002
6004
6011
6012
6019
6035
6037
6052
6053
6055
6056
6057
6091
6092
6097
6101
6104
6104
6108
6113
6114
6124
6140
6158
6160
6162
6162
6164
6164
6171
6177
6195
6199
6202
6205
6224
6224
6226
6243
6243
6244
6245
6250
6253
6254
6265
6267
6272
6275
6275
6277
6280
6286
6290
6300
6317
6328
6343
6348
6350
6353
6362
6367
6371
6371
6394
6398
6404
6406
6410
6410
6421
6424
6424
6434
6452
6460
6468
6477
6480
6493
6495
6502
6519
6524
6541
6544
6559
6564
6564
6569
6569
6571
6579
6588
6591
6592
6598
6607
6612
6618
6620
6626
6627
6631
6639
6640
6641
6644
6647
6657
6658
6668
6694
6706
6709
6737
6740
6745
6752
6754
6774
6785
6785
6791
6807
6809
6816
6821
6824
6832
6840
6841
6855
6858
6862
6866
6874
6875
6876
6886
6888
6897
6900
6904
6906
6912
6925
6945
6949
6960
6963
6966
6968
6988
6993
6997
7005
7009
7022
7025
7037
7051
7055
7057
7059
7075
7081
7084
7104
7105
7125
7131
7142
7154
7168
7172
7173
7174
7176
7211
7216
7217
7218
7219
7222
7237
7241
7241
7251
7252
7263
7275
7291
7294
7307
7308
7308
7315
7319
7325
7327
7385
7390
7404
7405
7413
7416
7425
7425
7429
7444
7449
7474
7482
7491
7496
7497
7501
7532
7535
7545
7563
7567
7567
7570
7574
7587
7588
7601
7608
7609
7614
7614
7617
7623
7628
7629
7633
7636
7641
7643
7645
7655
7656
7667
7676
7685
7686
7690
7691
7691
7714
7726
7732
7733
7734
7738
7738
7745
7753
7754
7756
7758
7759
7765
7772
7774
7776
7785
7786
7787
7801
7802
7805
7825
7835
7835
7847
7864
7882
7890
7901
7904
7907
7923
7943
7955
7958
7959
7975
7977
7991
7994
7999
8017
8018
8018
8031
8044
8052
8053
8055
8060
8084
8087
8093
8094
8096
8097
8099
8111
8113
8115
8116
8118
8134
8136
8139
8144
8156
8158
8164
8164
8167
8169
8175
8176
8184
8185
8196
8199
8199
8201
8211
8215
8222
8222
8223
8224
8233
8238
8245
8251
8260
8262
8267
8271
8296
8299
8317
8319
8322
8322
8324
8325
8331
8332
8332
8334
8337
8343
8345
8353
8357
8384
8390
8391
8410
8414
8423
8424
8429
8438
8453
8454
8459
8477
8483
8492
8501
8512
8514
8522
8522
8523
8526
8539
8547
8550
8556
8560
8590
8597
8621
8624
8641
8645
8648
8649
8658
8665
8667
8668
8670
8689
8691
8695
8704
8706
8707
8726
8727
8734
8741
8742
8747
8752
8763
8768
8775
8794
8795
8806
8813
8814
8825
8829
8830
8831
8831
8833
8841
8851
8855
8855
8861
8862
8906
8910
8913
8929
8944
8948
8954
8957
8973
8985
8988
9002
9010
9016
9019
9023
9023
9024
9039
9050
9054
9055
9060
9094
9102
9107
9116
9117
9119
9121
9142
9144
9145
9154
9169
9172
9183
9185
9187
9187
9188
9191
9192
9194
9198
9204
9214
9217
9223
9240
9242
9244
9245
9245
9247
9253
9258
9265
9278
9280
9284
9285
9300
9305
9305
9306
9307
9312
9316
9317
9336
9346
9354
9355
9375
9379
9386
9387
9399
9402
9406
9444
9451
9457
9462
9463
9469
9478
9487
9494
9502
9503
9504
9514
9527
9531
9543
9557
9562
9576
9577
9586
9598
9605
9608
9609
9612
9612
9618
9624
9643
9647
9656
9664
9665
9673
9680
9680
9681
9685
9685
9686
9694
9695
9697
9698
9708
9718
9735
9737
9741
9753
9770
9778
9783
9783
9790
9811
9829
9839
9849
9853
9855
9858
9859
9868
9880
9883
9888
9891
9892
9894
9899
9900
9933
9959
9960
9964
9973
9990
10002
10017
10039
10042
10049
10050
10055
10070
10072
10074
10075
10109
10116
10119
10123
10129
10131
10137
10141
10143
10165
10189
10196
10199
10215
10222
10236
10242
10246
10256
10270
10276
10283
10285
10311
10315
10318
10335
10372
10373
10373
10387
10394
10396
10401
10406
10451
10455
10465
10475
10485
10487
10487
10520
10526
10541
10543
10543
10546
10547
10549
10552
10565
10580
10591
10604
10615
10620
10621
10648
10654
10655
10671
10675
10685
10699
10701
10701
10705
10706
10717
10721
10737
10738
10741
10742
10749
10756
10756
10761
10766
10775
10783
10795
10799
10802
10802
10804
10807
10821
10852
10860
10865
10894
10899
10906
10910
10952
10965
10968
10973
10984
11000
11008
11012
11013
11022
11025
11035
11046
11054
11055
11056
11059
11061
11063
11067
11070
11074
11091
11094
11096
11101
11107
11120
11172
11199
11202
11208
11209
11213
11219
11247
11249
11263
11275
11275
11280
11284
11292
11296
11296
11336
11337
11350
11358
11359
11363
11373
11375
11383
11384
11387
11394
11410
11420
11442
11446
11456
11470
11472
11482
11484
11488
11499
11513
11515
11516
11521
11522
11528
11534
11538
11543
11561
11577
11583
11585
11591
11598
11615
11620
11652
11655
11665
11673
11681
11686
11692
11733
11734
11736
11743
11746
11757
11758
11760
11762
11763
11769
11786
11788
11813
11820
11829
11845
11847
11848
11864
11883
11896
11901
11911
11917
11917
11923
11930
11933
11935
11955
11961
11967
11975
11978
11981
11991
12011
12026
12037
12041
12041
12042
12053
12075
12084
12084
12097
12116
12118
12130
12130
12132
12135
12152
12153
12170
12176
12176
12193
12198
12200
12216
12222
12234
12243
12261
12271
12280
12284
12297
12318
12333
12335
12367
12373
12375
12387
12401
12411
12427
12436
12451
12454
12459
12473
12513
12519
12529
12533
12536
12547
12549
12556
12579
12584
12599
12604
12610
12614
12618
12623
12634
12649
12651
12656
12656
12664
12669
12672
12675
12713
12715
12739
12744
12763
12809
12812
12828
12831
12843
12851
12852
12859
12869
12877
12905
12906
12908
12916
12919
12930
12974
12989
12991
13011
13013
13014
13028
13034
13040
13045
13060
13064
13072
13073
13075
13085
13098
13120
13131
13146
13162
13171
13173
13203
13207
13214
13231
13234
13237
13237
13242
13245
13258
13265
13289
13307
13343
13347
13361
13377
13387
13391
13396
13414
13417
13422
13434
13438
13440
13441
13463
13463
13505
13517
13519
13521
13526
13554
13556
13556
13565
13567
13612
13626
13629
13631
13633
13643
13651
13655
13670
13673
13680
13719
13754
13755
13768
13775
13801
13803
13809
13812
13813
13814
13823
13829
13838
13853
13854
13858
13861
13871
13877
13882
13883
13889
13918
13934
13938
13975
13978
13990
13993
14002
14002
14008
14011
14023
14043
14046
14059
14091
14096
14107
14122
14130
14159
14165
14178
14190
14192
14197
14198
14219
14237
14241
14258
14261
14263
14272
14278
14286
14287
14289
14304
14306
14306
14330
14346
14359
14365
14374
14378
14382
14391
14397
14397
14408
14432
14467
14482
14488
14500
14513
14518
14518
14523
14537
14542
14545
14556
14575
14581
14586
14598
14621
14628
14655
14669
14673
14684
14689
14700
14708
14714
14716
14732
14773
14779
14783
14797
14799
14805
14819
14825
14832
14846
14852
14853
14856
14860
14863
14878
14879
14898
14905
14916
14924
14936
14972
14981
14999
15002
15020
15024
15024
15044
15054
15068
15068
15068
15068
15074
15088
15090
15117
15128
15131
15149
15151
15151
15151
15156
15162
15206
15268
15270
15278
15297
15310
15319
15320
15330
15352
15359
15376
15384
15393
15404
15414
15419
15424
15447
15448
15450
15453
15464
15473
15479
15507
15516
15520
15523
15529
15534
15548
15557
15558
15588
15589
15611
15624
15629
15637
15665
15671
15686
15687
15697
15707
15708
15712
15744
15767
15774
15796
15821
15825
15844
15851
15852
15884
15889
15893
15895
15932
15953
15987
16013
16014
16018
16021
16029
16031
16034
16050
16086
16088
16113
16128
16137
16145
16156
16168
16182
16186
16188
16202
16204
16220
16235
16254
16265
16267
16274
16285
16305
16314
16324
16336
16367
16382
16392
16400
16401
16427
16431
16434
16439
16448
16474
16511
16513
16517
16533
16544
16547
16555
16559
16578
16610
16617
16650
16651
16656
16660
16680
16722
16722
16724
16726
16727
16735
16736
16738
16751
16759
16759
16779
16787
16807
16808
16813
16816
16836
16844
16847
16864
16878
16888
16900
16903
16909
16922
16941
16942
16947
17010
17011
17034
17041
17042
17057
17057
17087
17120
17139
17143
17165
17166
17189
17198
17201
17206
17211
17231
17233
17254
17270
17312
17315
17321
17337
17339
17358
17369
17396
17421
17463
17471
17475
17487
17499
17509
17519
17594
17597
17636
17639
17640
17661
17665
17667
17668
17682
17688
17695
17720
17722
17725
17738
17745
17748
17751
17778
17794
17807
17833
17843
17884
17897
17922
17924
17929
17931
17945
17971
18013
18034
18042
18062
18063
18092
18099
18102
18115
18134
18139
18166
18177
18181
18186
18194
18237
18260
18277
18290
18298
18313
18325
18325
18382
18388
18406
18434
18440
18450
18450
18453
18455
18457
18463
18510
18523
18531
18588
18592
18607
18614
18617
18624
18630
18643
18670
18673
18693
18695
18696
18703
18715
18731
18757
18802
18805
18805
18847
18852
18857
18894
18938
18940
18956
18998
19009
19012
19024
19034
19037
19040
19044
19061
19076
19088
19089
19102
19109
19148
19164
19183
19219
19240
19250
19252
19299
19332
19336
19340
19359
19361
19366
19372
19381
19400
19403
19408
19471
19557
19594
19605
19624
19646
19685
19689
19698
19699
19700
19701
19714
19718
19739
19745
19752
19804
19810
19813
19850
19870
19886
19894
19897
19926
19936
19939
19941
19954
19965
19966
19989
19991
20004
20023
20024
20028
20037
20047
20052
20085
20099
20108
20117
20151
20157
20158
20160
20164
20196
20226
20246
20249
20256
20258
20259
20283
20303
20315
20339
20353
20354
20365
20378
20382
20410
20417
20431
20454
20455
20464
20488
20532
20540
20544
20545
20557
20557
20571
20588
20601
20648
20664
20666
20679
20686
20694
20706
20719
20720
20729
20770
20776
20786
20787
20813
20821
20838
20856
20859
20877
20933
20956
20998
21025
21035
21044
21052
21085
21096
21116
21136
21150
21203
21244
21272
21294
21301
21307
21327
21340
21345
21348
21358
21370
21385
21400
21414
21417
21462
21465
21471
21481
21523
21558
21660
21671
21674
21677
21682
21698
21704
21724
21768
21768
21771
21772
21781
21829
21839
21883
21944
21974
21976
22010
22021
22028
22082
22124
22140
22249
22262
22267
22280
22288
22294
22326
22336
22343
22434
22503
22515
22537
22537
22566
22686
22726
22745
22798
22837
22863
22871
22894
22898
22952
22989
23040
23050
23073
23141
23164
23190
23218
23252
23267
23268
23275
23477
23507
23539
23552
23576
23592
23595
23609
23681
23699
23776
23828
23836
23864
23918
24037
24037
24053
24066
24122
24132
24135
24148
24202
24211
24267
24269
24332
24424
24534
24539
24697
24747
24757
24797
24851
25021
25262
25424
25454
25529
25606
25688
25710
25773
25861
25943
25976
26032
26063
26076
26082
26125
26153
26174
26194
26224
26226
26404
26439
26597
26603
26693
26712
26751
26769
26774
26777
26783
26849
27242
27442
27451
27517
27579
27610
28059
28189
28265
28319
28573
28624
28663
28775
28983
29190
29266
29632
29901
30073
30178
30222
30281
30483
30484
30623
30924
31394
31497
31869
31982
31984
32068
32675
32726
32961
33175
33497
33518
33632
33958
34317
34467
34643
35794
36217
36296
36317
36349
37759
37776
38054
40196
41342
42279
